-2.2071090 0.3152800
-2.2071091 0.2706799
-2.2071092 0.2260798
-2.2071093 0.1814797
-2.2071094 0.1368796
-2.2071096 0.0922794
-2.2071097 0.0476793
-2.2071098 0.0030792
-2.2071099 -0.0415209
-2.2071099 -0.0861210
-2.2071099 -0.1307211
-2.2071099 -0.1753212
-2.2071099 -0.2199213
-2.2071099 -0.2645214
-2.2071099 -0.3091215
-2.1790450 -0.3414552
-2.1463111 -0.3717481
-2.1086610 -0.3945122
-2.0677619 -0.4123006
-2.0268627 -0.4300890
-1.9859635 -0.4478775
-1.9450643 -0.4656659
-1.9041652 -0.4834543
-1.8632660 -0.5012427
-1.8223668 -0.5190311
-1.7814677 -0.5368195
-1.7405685 -0.5546079
-1.6996693 -0.5723963
-1.6587702 -0.5901848
-1.6178710 -0.6079732
-1.5769718 -0.6257616
-1.5360727 -0.6435500
-1.4951735 -0.6613384
-1.4542743 -0.6791268
-1.4133751 -0.6969152
-1.3724760 -0.7147036
-1.3315768 -0.7324921
-1.2900777 -0.7475529
-1.2454798 -0.7479530
-1.2008797 -0.7479530
-1.1562796 -0.7479530
-1.1116794 -0.7479530
-1.0670793 -0.7479530
-1.0224792 -0.7479530
-0.9778791 -0.7479530
-0.9332790 -0.7479530
-0.8886789 -0.7479530
-0.8440788 -0.7479530
-0.7994787 -0.7479530
-0.7548786 -0.7479530
-0.7102793 -0.7477797
-0.6656892 -0.7468999
-0.6211066 -0.7456507
-0.5765240 -0.7444014
-0.5319414 -0.7431522
-0.4873588 -0.7419030
-0.4427762 -0.7406538
-0.3981936 -0.7394046
-0.3536110 -0.7381553
-0.3090284 -0.7369061
-0.2644457 -0.7356569
-0.2198631 -0.7344077
-0.1752805 -0.7331585
-0.1306979 -0.7319092
-0.0861153 -0.7306600
-0.0415327 -0.7294108
0.0030499 -0.7281616
0.0476325 -0.7269124
0.0922151 -0.7256631
0.1367977 -0.7244139
0.1813804 -0.7231647
0.2259630 -0.7219155
0.2705456 -0.7206663
0.3151282 -0.7194171
0.3597108 -0.7181678
0.4042934 -0.7169186
0.4488760 -0.7156694
0.4934586 -0.7144202
0.5380412 -0.7131710
0.5826238 -0.7119217
0.6272065 -0.7106725
0.6717891 -0.7094233
0.7163717 -0.7081741
0.7609371 -0.7065845
0.8053453 -0.7024783
0.8497059 -0.6978616
0.8940598 -0.6931819
0.9384122 -0.6884879
0.9827646 -0.6837939
1.0270829 -0.6788080
1.0712974 -0.6729863
1.1152080 -0.6651744
1.1422987 -0.6308178
1.1598565 -0.5899059
1.1763997 -0.5484874
1.1929429 -0.5070689
1.2094861 -0.4656504
1.2260293 -0.4242319
1.2385803 -0.3817526
1.2425813 -0.3373551
1.2447118 -0.2928107
1.2464027 -0.2482426
1.2480936 -0.2036746
1.2497845 -0.1591065
1.2514753 -0.1145385
1.2531662 -0.0699704
1.2548571 -0.0254024
1.2550940 0.0191657
1.2534032 0.0637337
1.2517123 0.1083017
1.2500214 0.1528698
1.2483306 0.1974378
1.2466397 0.2420059
1.2449488 0.2865739
1.2430144 0.3311289
1.2394640 0.3755742
1.2285736 0.4184846
1.2119874 0.4598859
1.1954012 0.5012872
1.1788150 0.5426885
1.1622288 0.5840898
1.1455615 0.6254506
1.1202451 0.6618711
1.0774815 0.6718861
1.0333135 0.6780127
0.9890109 0.6831328
0.9446584 0.6878268
0.9003060 0.6925208
0.8559533 0.6972115
0.8115928 0.7018281
0.7671967 0.7060650
0.7226504 0.7079991
0.6780678 0.7092482
0.6334852 0.7104974
0.5889026 0.7117466
0.5443200 0.7129957
0.4997374 0.7142449
0.4551547 0.7154940
0.4105721 0.7167432
0.3659895 0.7179923
0.3214069 0.7192415
0.2768243 0.7204907
0.2322417 0.7217398
0.1876591 0.7229890
0.1430765 0.7242381
0.0984938 0.7254873
0.0539112 0.7267364
0.0093286 0.7279856
-0.0352540 0.7292348
-0.0798366 0.7304839
-0.1244192 0.7317331
-0.1690018 0.7329822
-0.2135844 0.7342314
-0.2581670 0.7354805
-0.3027497 0.7367297
-0.3473323 0.7379789
-0.3919149 0.7392280
-0.4364975 0.7404772
-0.4810801 0.7417263
-0.5256627 0.7429755
-0.5702453 0.7442246
-0.6148279 0.7454738
-0.6594106 0.7467230
-0.7039985 0.7477121
-0.7485974 0.7479530
-0.7931975 0.7479530
-0.8377976 0.7479530
-0.8823977 0.7479530
-0.9269978 0.7479530
-0.9715979 0.7479530
-1.0161981 0.7479530
-1.0607982 0.7479530
-1.1053983 0.7479530
-1.1499984 0.7479530
-1.1945985 0.7479530
-1.2391986 0.7479530
-1.2837971 0.7476310
-1.3258143 0.7349914
-1.3667098 0.7171947
-1.4076054 0.6993979
-1.4485009 0.6816012
-1.4893965 0.6638044
-1.5302920 0.6460076
-1.5711875 0.6282109
-1.6120831 0.6104141
-1.6529786 0.5926173
-1.6938741 0.5748206
-1.7347697 0.5570238
-1.7756652 0.5392271
-1.8165607 0.5214303
-1.8574563 0.5036335
-1.8983518 0.4858368
-1.9392474 0.4680400
-1.9801429 0.4502432
-2.0210384 0.4324465
-2.0619340 0.4146497
-2.1028295 0.3968530
-2.1416416 0.3758663
-2.1743753 0.3455732
-2.2071090 0.3152800
